make = NIKON CORPORATION
model = NIKON D810
width = 3680
height = 2456
cpp = 3
wb_coeffs = [2.1601563, 1.0, 1.1835938, NaN]
whitelevels = [65535, 65535, 65535, 65535]
blacklevels = [0, 0, 0, 0]
xyz_to_cam = [[9369.0, -3195.0, -791.0], [-4488.0, 12430.0, 2301.0], [-893.0, 1796.0, 6872.0], [0.0, 0.0, 0.0]]
cfa = RGGB
crops = [0, 0, 0, 0]
blackareas = []
orientation = Normal