make = NIKON CORPORATION
model = NIKON D4S
width = 4936
height = 3288
cpp = 1
wb_coeffs = [2.2578125, 1.0, 1.2539063, NaN]
whitelevels = [3880, 3880, 3880, 3880]
blacklevels = [192, 192, 192, 192]
xyz_to_cam = [[8598.0, -2848.0, -857.0], [-5618.0, 13606.0, 2195.0], [-1002.0, 1773.0, 7137.0], [0.0, 0.0, 0.0]]
cfa = RGGB
crops = [0, 0, 0, 0]
blackareas = []
orientation = Normal