make = LGE
model = LG-US996
width = 4656
height = 3492
cpp = 1
wb_coeffs = [1.6842105, 1.007874, 2.0983605, NaN]
whitelevels = [1023, 1023, 1023, 1023]
blacklevels = [64, 64, 64, 64]
xyz_to_cam = [[1.4609375, -0.578125, -0.46875], [-0.6171875, 1.7890625, -0.296875], [-0.03125, 0.203125, 0.4921875], [0.0, 0.0, 0.0]]
cfa = RGGB
crops = [0, 0, 0, 0]
blackareas = []
orientation = Normal