make = HUAWEI
model = EVA-L09
width = 3968
height = 2976
cpp = 1
wb_coeffs = [1.9038461, 1.0, 2.2261906, NaN]
whitelevels = [1023, 1023, 1023, 1023]
blacklevels = [0, 0, 0, 0]
xyz_to_cam = [[2.209961, -1.3320313, -0.14160156], [-0.18945313, 1.2275391, -0.0546875], [-0.0234375, 0.18261719, 0.6035156], [0.0, 0.0, 0.0]]
cfa = RGGB
crops = [0, 0, 0, 0]
blackareas = []
orientation = Normal