make = Hasselblad
model = Hasselblad X1D
width = 8384
height = 6304
cpp = 1
wb_coeffs = [1.573761, 1.0, 2.5855408, NaN]
whitelevels = [65535, 65535, 65535, 65535]
blacklevels = [0, 0, 0, 0]
xyz_to_cam = [[4932.0, -835.0, 141.0], [-4878.0, 11868.0, 3437.0], [-1138.0, 1961.0, 7067.0], [0.0, 0.0, 0.0]]
cfa = RGGB
crops = [96, 58, 0, 46]
blackareas = []
orientation = Normal