make = Hasselblad
model = Hasselblad CFV-50
width = 8282
height = 6240
cpp = 1
wb_coeffs = [2.3007813, 1.0, 1.4595946, NaN]
whitelevels = [65535, 65535, 65535, 65535]
blacklevels = [0, 0, 0, 0]
xyz_to_cam = [[5656.0, -659.0, -346.0], [-3923.0, 12306.0, 1791.0], [-1602.0, 3509.0, 5442.0], [0.0, 0.0, 0.0]]
cfa = RGGB
crops = [4, 40, 80, 42]
blackareas = []
orientation = Normal