make = NIKON CORPORATION
model = NIKON 1 V2
width = 4620
height = 3084
cpp = 1
wb_coeffs = [2.203125, 1.0, 1.5546875, NaN]
whitelevels = [4095, 4095, 4095, 4095]
blacklevels = [0, 0, 0, 0]
xyz_to_cam = [[6588.0, -1305.0, -693.0], [-3277.0, 10987.0, 2634.0], [-355.0, 2016.0, 5106.0], [0.0, 0.0, 0.0]]
cfa = RGGB
crops = [0, 0, 0, 0]
blackareas = []
orientation = Normal