make = Canon
model = Canon PowerShot S2 IS
width = 2672
height = 1968
cpp = 1
wb_coeffs = [1.9279999, 0.92, 1.357, NaN]
whitelevels = [1023, 1023, 1023, 1023]
blacklevels = [31, 31, 31, 31]
xyz_to_cam = [[0.547708, -0.143462, -0.099243], [-0.186838, 0.663925, 0.05097], [-0.00581, 0.079162, 0.266988], [0.0, 0.0, 0.0]]
cfa = RGGB
crops = [10, 46, 2, 14]
blackareas = []
orientation = Normal