make = LGE
model = LG-H910
width = 4656
height = 3492
cpp = 1
wb_coeffs = [1.6623377, 1.007874, 2.3703704, NaN]
whitelevels = [1023, 1023, 1023, 1023]
blacklevels = [64, 64, 64, 64]
xyz_to_cam = [[1.4375, -0.5703125, -0.4609375], [-0.6171875, 1.7890625, -0.296875], [-0.03125, 0.2109375, 0.4921875], [0.0, 0.0, 0.0]]
cfa = RGGB
crops = [0, 0, 0, 0]
blackareas = []
orientation = Normal