make = Google
model = Pixel 7 Pro
width = 3882
height = 2924
cpp = 1
wb_coeffs = [1.5560908, 1.0, 1.7886688, NaN]
whitelevels = [16368, 16368, 16368, 16368]
blacklevels = [1024, 1024, 1024, 1024]
xyz_to_cam = [[2.7546, -1.3066, -0.4238], [-0.824, 1.5947, 0.0354], [0.0473, -0.1734, 0.8987], [0.0, 0.0, 0.0]]
cfa = BGGR
crops = [0, 0, 0, 0]
blackareas = []
orientation = Rotate180