make = SIGMA
model = SIGMA fp L
width = 9536
height = 6344
cpp = 1
wb_coeffs = [1.53125, 1.0, 2.5664063, NaN]
whitelevels = [16383, 16383, 16383, 16383]
blacklevels = [1024, 1024, 1024, 1024]
xyz_to_cam = [[0.8326, -0.2062, -0.1759], [-0.4961, 1.1648, 0.0631], [-0.1116, 0.1551, 0.3483], [0.0, 0.0, 0.0]]
cfa = RGGB
crops = [0, 0, 0, 0]
blackareas = []
orientation = Normal