make = Canon
model = Canon PowerShot ELPH 180
width = 5248
height = 3920
cpp = 1
wb_coeffs = [1.805, 0.912, 1.4879999, NaN]
whitelevels = [4095, 4095, 4095, 4095]
blacklevels = [127, 127, 127, 127]
xyz_to_cam = [[0.827547, -0.290458, -0.126086], [-0.012829, 0.530507, 0.050537], [0.005181, 0.048183, 0.245014], [0.0, 0.0, 0.0]]
cfa = RGGB
crops = [16, 66, 16, 8]
blackareas = []
orientation = Normal