make = OnePlus
model = ONEPLUS A5000
width = 4656
height = 3496
cpp = 1
wb_coeffs = [2.4150944, 1.0, 1.6202532, NaN]
whitelevels = [1023, 1023, 1023, 1023]
blacklevels = [0, 0, 0, 0]
xyz_to_cam = [[2.3046875, -1.59375, -0.40625], [-1.0703125, 2.1796875, -0.0078125], [0.046875, -0.1171875, 1.046875], [0.0, 0.0, 0.0]]
cfa = RGGB
crops = [0, 0, 0, 0]
blackareas = []
orientation = Normal