make = google
model = MI 8
width = 4032
height = 2268
cpp = 1
wb_coeffs = [2.2131386, 1.0, 1.3985016, NaN]
whitelevels = [16368, 16368, 16368, 16368]
blacklevels = [1024, 1024, 1024, 1024]
xyz_to_cam = [[1.397, -0.6584, -0.2168], [-0.9956, 1.9269, 0.0401], [0.0401, -0.1525, 0.7868], [0.0, 0.0, 0.0]]
cfa = RGGB
crops = [0, 0, 0, 0]
blackareas = []
orientation = Normal