make = Hasselblad
model = Hasselblad 500 mech.
width = 4096
height = 4096
cpp = 1
wb_coeffs = [2.2009277, 1.0, 1.1634521, NaN]
whitelevels = [31456, 31456, 31456, 31456]
blacklevels = [0, 0, 0, 0]
xyz_to_cam = [[8519.0, -3260.0, -280.0], [-5081.0, 13459.0, 1738.0], [-1449.0, 2960.0, 7809.0], [0.0, 0.0, 0.0]]
cfa = RGGB
crops = [0, 0, 0, 0]
blackareas = []
orientation = Rotate90