make = NIKON CORPORATION
model = NIKON 1 J1
width = 3904
height = 2606
cpp = 1
wb_coeffs = [2.1015625, 1.0, 1.8359375, NaN]
whitelevels = [3300, 3300, 3300, 3300]
blacklevels = [0, 0, 0, 0]
xyz_to_cam = [[8994.0, -2667.0, -865.0], [-4594.0, 12324.0, 2552.0], [-699.0, 1786.0, 6260.0], [0.0, 0.0, 0.0]]
cfa = RGGB
crops = [0, 0, 2, 0]
blackareas = []
orientation = Normal